92.9003	
100.148	
86.0683	
87.4515	
101.016	
101.771	
99.1571	
90.7361	
100.57	
102.013	
96.4229	
101.613	
85.3358	
99.5728	
101.507	
101.666	
94.2774	
89.0071	
100.241	
99.0778	
91.1175	
101.636	
93.7352	
97.0116	
101.686	
101.374	
85.6884	
102.093	
94.5568	
89.818	
101.356	
101.723	
97.1265	
84.1465	
97.3121	
94.721	
101.683	
101.886	
89.7978	
96.0184	
101.438	
101.535	
84.9461	
101.981	
97.7901	
93.3999	
101.423	
101.906	
84.9049	
97.9422	
101.352	
90.3721	
100.661	
102.083	
95.7671	
95.9431	
101.574	
86.5714	
99.4082	
101.789	
87.1037	
99.8115	
101.641	
100.967	
88.0226	
101.034	
101.793	
87.0757	
99.9205	
102.04	
95.7507	
96.7495	
101.604	
88.3441	
98.5324	
101.797	
83.4694	
99.626	
101.628	
102.156	
91.5901	
85.301	
100.212	
101.136	
101.773	
100.978	
87.363	
96.0245	
101.973	
101.807	
87.5078	
101.409	
97.4247	
95.9023	
101.178	
102.043	
91.5999	
90.4344	
98.616	
101.544	
