3.31625e-05	
3.40479e-05	
5.02264e-05	
2.96154e-05	
3.75092e-05	
3.0654e-05	
4.28856e-05	
3.22605e-05	
4.11613e-05	
2.93081e-05	
3.6271e-05	
3.59911e-05	
3.80859e-05	
4.6247e-05	
3.23599e-05	
2.5559e-05	
3.43901e-05	
3.7128e-05	
3.99593e-05	
4.43007e-05	
3.98425e-05	
3.10243e-05	
2.9696e-05	
3.86749e-05	
2.56401e-05	
4.08265e-05	
3.61655e-05	
3.39496e-05	
4.91224e-05	
3.24894e-05	
4.09996e-05	
4.35959e-05	
3.54164e-05	
4.19876e-05	
2.75957e-05	
5.02462e-05	
3.16912e-05	
3.12684e-05	
4.25243e-05	
3.5845e-05	
4.56816e-05	
2.84539e-05	
4.17493e-05	
3.70057e-05	
2.74582e-05	
4.26928e-05	
2.97721e-05	
2.66439e-05	
4.32303e-05	
3.25818e-05	
